timestamp,b1d,b2d,b3d,b4d
22:24:40.00,15.03,19.95,23.5,19.49
22:24:44.00,17.41,17.41,21.38,21.38
22:24:52.00,19.95,15.03,19.49,23.5
22:24:58.00,21.59,17.14,17.14,21.59
22:25:03.00,23.5,19.49,15.03,19.95
22:25:08.00,21.38,21.38,17.41,17.41
22:25:14.00,19.49,23.5,19.95,15.03
22:25:19.00,17.14,21.59,21.59,17.14
22:25:23.00,15.03,19.95,23.5,19.49
22:25:28.00,17.41,17.41,21.38,21.38
22:25:33.00,19.26,19.26,19.26,19.26
22:25:38.00,21.38,21.38,17.41,17.41
22:25:43.00,23.5,19.49,15.03,19.95
22:25:47.00,21.59,17.14,17.14,21.59
22:25:52.00,19.95,15.03,19.49,23.5
22:25:57.00,17.41,17.41,21.38,21.38
22:26:01.00,15.03,19.95,23.5,19.49
